3.123364616522233561e+01
3.170802208615621254e+01
8.137674836444548987e+01
5.401510831749137509e+01
5.153816797885307466e+01
3.090862827246450806e+01
2.774288961320894487e+01
2.500435305557520849e+01
6.071235776810439688e+01
4.863994102209500880e+01
6.696781828522976809e+01
6.617547668111660641e+01
7.767254075727672102e+01
2.886831030339578064e+01
3.029427047071735402e+01
5.900923172861510579e+01
6.853417841057031978e+01
3.903010835531222256e+01
3.627099290645081453e+01
2.595123242187921875e+01
4.326039395691515921e+01
7.579472143532281336e+01
2.332211491910088341e+01
4.465384140827541160e+01
1.388925322938248286e+01
1.712975980878859872e+01
4.339271396557143134e+01
3.858235459604787820e+01
4.580336426651541615e+01
3.581620029980271624e+01
2.441205130290882153e+01
1.766155318300931754e+01
6.600633834569725877e+01
3.080808312315568998e+01
2.711867511343167081e+01
4.651770447381328921e+01
3.121460917400437651e+01
2.394675358355562622e+01
6.995935411349941546e+01
3.167552186170981443e+01
4.415823949927222714e+01
2.653216407975616420e+01
4.465331143060578256e+01
2.770498292861616108e+01
3.422992907416493580e+01
2.604562900316765806e+01
6.193915150417105053e+01
2.660647666402568490e+01
4.946250055679266922e+01
4.144427608491844239e+01
7.723639429243529264e+01
2.552473985070941964e+01
3.784312469444675742e+01
2.842611705846117687e+01
3.051220863857278331e+01
3.913779498826706060e+01
2.337724024048618787e+01
4.026207364837014779e+01
4.557746801112293156e+01
1.918828346992912515e+01
4.249932750011575422e+01
3.979325238330055470e+01
5.722403317842469050e+01
2.502680316354203072e+01
1.823713581358286717e+01
5.043512118001208933e+01
4.957286329988044571e+01
6.988657884533313336e+01
3.811654632973657897e+01
4.096514320522656760e+01
2.155559901635744779e+01
2.446969802083169299e+01
4.334404935768625222e+01
7.331891218778733332e+01
1.549166848037732613e+01
2.849326195297444997e+01
3.677681209554540231e+01
1.586324708775048720e+01
5.439099293527809209e+01
2.865651132235825571e+01
2.195502886372170792e+01
2.419819335665840754e+01
3.480365771765633554e+01
7.470627922868942505e+01
5.154345590774542529e+01
5.807035116479228520e+01
3.709410898779343313e+01
6.014743738911077742e+01
7.255249053312940077e+01
6.581776955450555988e+01
6.182796827308958143e+01
4.155066773044315198e+01
1.180158613548672264e+01
6.564144556036917777e+01
7.731919777057831311e+01
4.965825188040291494e+01
3.561728349630016055e+01
2.209105482829312805e+01
3.112017026573943568e+01
2.894440310223465218e+01
2.261419378971225314e+01
2.581448592353533300e+01
3.120160700961414335e+01
5.109065668912664648e+01
2.945895586577255543e+01
2.932780055125991936e+01
5.416194069179260850e+01
2.949871487879110177e+01
7.649698068663644790e+01
3.969379790536257246e+01
5.243909036293270987e+01
3.512326738949684568e+01
3.039924222674858001e+01
3.697358488275588684e+01
5.457951619880382310e+01
1.708197716390452214e+01
3.696430520036528833e+01
5.368920238834702019e+01
5.250592235317849088e+01
5.226000684650743011e+01
2.937193648967475568e+01
6.089711477106349946e+01
4.737684733609402343e+01
2.161057958573384497e+01
4.001543991964003766e+01
2.510120362249023174e+01
2.372364601978761911e+01
4.257236843371914148e+01
2.324818947067949182e+01
2.527428072701866313e+01
7.228139382592557638e+01
3.098825591379868527e+01
5.211635946037201705e+01
4.095074626717769206e+01
3.433882619114123713e+01
5.793344614515181945e+01
1.931283552771304812e+01
2.080831564026609470e+01
2.997360288653288052e+01
4.605281674002153380e+01
3.417263426710331942e+01
7.369273411965995990e+01
4.570449795724625375e+01
2.729365071881256455e+01
6.123733059777804755e+01
3.385602064001314915e+01
3.724415130100236127e+01
5.686058662134684027e+01
5.748199308359924942e+01
2.616843484180044399e+01
4.109157730422056432e+01
3.843713664972064237e+01
4.869864033332663666e+01
4.516505487848951361e+01
5.345057463727722080e+01
3.075979647513036142e+01
1.423516569349570204e+01
2.638717605022573309e+01
3.387585048377417252e+01
6.647378503058965293e+01
4.391209178573473793e+01
6.773415062844260603e+01
3.836605938793231729e+01
4.472088640242917279e+01
5.451947610575004433e+01
2.226431273198167204e+01
2.216022486226893307e+01
3.319856653811748970e+01
2.701144463889409764e+01
4.890193436383702164e+01
6.143085197889693205e+01
1.778737221717481987e+01
6.223323853843686493e+01
2.227724575121215622e+01
5.195863118022585070e+01
4.382160380076653183e+01
3.154123502039970361e+01
5.026126003667970110e+01
3.480143632827198275e+01
3.937996882804159782e+01
2.656824612799881535e+01
5.957932742410261540e+01
2.055748428814714401e+01
3.438792225995741347e+01
3.574742500731128558e+01
4.275203643282225130e+01
6.170350702362389228e+01
3.927279235593832141e+01
3.820195032173138827e+01
4.755788737347043593e+01
6.646383013626370939e+01
4.230700588744893054e+01
2.983379168068362119e+01
5.923599422984661089e+01
4.437773953637776003e+01
6.694189510158597045e+01
4.705779699130606986e+01
4.669528857274724487e+01
3.636143423604988811e+01
3.631450851888375553e+01
2.307192862996418370e+01
1.847175982502044178e+01
2.998738161685218628e+01
6.473920764212488166e+01
1.859192172338929083e+01
1.707020459684462210e+01
1.603159638959566280e+01
5.164292731051265406e+01
4.769830714982043673e+01
2.477273909134931174e+01
1.033295033299730363e+02
3.830445836748761934e+01
2.557129775615055323e+01
4.424310290126358325e+01
3.019919482738026417e+01
6.145472177448199602e+01
4.773636765208335930e+01
4.641209037978821783e+01
4.289796451076880857e+01
4.454289293158852558e+01
5.490435367634272268e+01
7.279885571688998525e+00
5.703665178097053001e+01
5.023341669127357534e+01
2.292809933963901159e+01
3.741854984388928074e+01
2.614563245264689684e+01
2.986597101051691538e+01
7.261734708820077344e+01
4.409191281718855748e+01
2.424548693452649317e+01
5.323425191743889684e+01
8.784003845009979727e+01
7.718128230696522962e+01
5.322104454827855591e+01
1.651093347988851789e+01
1.931245684433137555e+01
4.212492847965551590e+01
4.942589018091993580e+01
1.471515648386034059e+01
2.661331164722386688e+01
6.553244368167554512e+01
6.379498922710288156e+01
6.556913297262036622e+01
4.109544598506481350e+01
2.616545442157561041e+01
6.279014836153385204e+01
4.281087240528929527e+01
4.374365787477405121e+01
2.106386453151416305e+01
2.078545703507504072e+01
1.343701778201419827e+01
5.329556452137632760e+01
6.218783464334931921e+01
5.844166026782804124e+01
3.633141967526949401e+01
2.018935399014017662e+01
2.725331063173444690e+01
5.927513248272126845e+01
3.480119204474586780e+01
5.075847283436615243e+01
6.344634748883525788e+01
3.622208263329337541e+01
4.132686726523789389e+01
4.865365128330648758e+01
2.940107586708275988e+01
6.009078680647361637e+01
3.348082880183415710e+01
7.485358799943142571e+01
4.189274098369749311e+01
1.303820399471936220e+01
7.213063095229287569e+01
3.897443580885677505e+01
2.710066468670473583e+01
2.145234431618479931e+01
1.260920263849281469e+02
3.371591936259848410e+01
6.515712301484015256e+01
1.652986557209953844e+01
3.005718919422025337e+01
9.127515179762583841e+01
2.017918943822324707e+01
6.903188564449430942e+01
4.332655698134384181e+01
2.690439183811902168e+01
3.669678605648830683e+01
5.604629702326488427e+01
4.316114349077668777e+01
6.136002929123607430e+01
3.615075699192873060e+01
3.099432356615689343e+01
3.769085795933247596e+01
3.220588742596763865e+01
3.327618245153065857e+01
9.095207459201203903e+01
3.544684790135546848e+01
3.508434992278581888e+01
4.797161839895162672e+01
2.366985717057571748e+01
5.325185482933056846e+01
5.411957668068811955e+01
1.133576168528582251e+01
5.226326097361584289e+01
5.361774556527717550e+01
8.932695526607236758e+00
3.242484801021750940e+01
6.793669884266900283e+01
2.391411443866175190e+01
3.366840313717443678e+01
1.561890757752895098e+01
5.106711891144351512e+01
2.923362622661868215e+01
3.794314642559527329e+01
3.000800467963451013e+01
1.230981970809575188e+01
2.413227683072728524e+01
4.777064906266723199e+01
5.394911801112408511e+01
2.966359464434723492e+01
1.521384415415757729e+01
4.450037163468449108e+01
1.062606987970555217e+01
8.105296554701550349e+01
1.964103091092861320e+01
2.718962893407195125e+01
2.806998355471715456e+01
2.980652420596898367e+01
4.561342433780471595e+01
3.371093407145063736e+01
9.672474291072454378e+00
3.291384849269518043e+01
4.237394414115634333e+01
2.115965497008760110e+01
1.161910462191565330e+01
6.347969454319662219e+01
5.209102345272991386e+01
2.211893156427800733e+01
4.022674057336441678e+01
1.701367318546529717e+01
2.210355782723590323e+01
6.959125746779891131e+01
4.373023927330007865e+01
3.686755057559413729e+01
3.753554779798039931e+01
2.086768706724573264e+01
8.322807198637818260e+01
1.585188411719103208e+01
2.363351976553654588e+00
2.425879688276216939e+01
2.031599291286206821e+01
2.950132152667512386e+01
3.115723137600115322e+01
3.007812536772252798e+01
3.989075827851206668e+01
5.755830820524293756e+01
4.447061607200369338e+01
2.974805497268683752e+01
3.143422479011608317e+01
4.611048083999462932e+01
2.867599964617791031e+01
7.061933021114847975e+01
2.780499517991739822e+01
5.869632488854917085e+01
5.590559897735536765e+01
8.507301336777243250e+01
3.536958885422144050e+01
2.624667669372563239e+01
3.293127612280187577e+01
3.875273343218078992e+01
3.157578086502250869e+01
3.190139618572288427e+01
4.948430011314459875e+01
6.055545138940551197e+01
1.068683101687917230e+02
2.959670903674772546e+01
3.326509832745971806e+01
4.156464594083984565e+01
4.147520233587778193e+01
7.096815661883253767e+01
2.574164424535739926e+01
7.607975146752558260e+01
2.204291846661714160e+01
3.970300140956921098e+01
4.358333167082166426e+01
2.858372936634211570e+01
2.912749782895141948e+01
4.329881464932340407e+01
4.684286660633311783e+01
1.522349695317080709e+01
6.452860307107189897e+01
4.670976975296874656e+01
4.829779573741023313e+01
4.644291887936303453e+01
5.000635808666683602e+01
7.904085860763035498e+01
3.624948415491436293e+01
3.254307587860148487e+01
8.343906670499768552e+01
2.428883482574715202e+01
4.913565861472911678e+01
3.450629549741414337e+01
6.867121522111136755e+01
5.713662600713103501e+01
4.821669477524982028e+01
4.407904517471417449e+01
2.568453969385196700e+01
1.652261118608839752e+01
3.663757816018280522e+01
3.069944486362195590e+01
5.035300766870264511e+01
3.341659905078829240e+01
2.805298057215614449e+01
2.042519560563031789e+01
2.450540408236149403e+01
4.077452510830987364e+01
6.270690273821111305e+01
2.630260622524980718e+01
4.470240577237067470e+01
2.571116618710150448e+01
1.261840842956723741e+01
4.237929471512575219e+01
4.261903939708970057e+01
5.083727387657078367e+01
4.301839396436611906e+01
2.616854722953573997e+01
1.863674653521016467e+01
8.513443310957417509e+01
2.354134304332360728e+01
5.262228087377166474e+01
3.934634111695562098e+01
3.921007849745031137e+01
5.948512273388087834e+01
3.508385075149650589e+01
3.444344377287866621e+01
2.747848852409363829e+01
2.797922484597336634e+01
4.191597740730603050e+01
6.790280599432404074e+01
3.375416360039841379e+01
3.876236378535791971e+01
4.167748752748158125e+01
1.084929301230151033e+01
8.006491575634331070e+01
3.635127027798635879e+01
5.610138003228892956e+01
6.822588340826453646e+01
4.842474779273329943e+01
2.877295032225786997e+01
3.680725877516215405e+01
2.586503117032023269e+01
3.210077734518072390e+01
1.637557935876946047e+01
3.985903472064211428e+01
4.740859186358740374e+01
3.659331866520201970e+01
5.041040297579165497e+01
1.114238409569964858e+02
6.169470610635350738e+01
5.034396567230575670e+01
3.015021610743939107e+01
8.223224474867973299e+01
6.455291948900115528e+01
4.630308183367556296e+01
8.300923664633465648e+00
9.233720997383151996e+01
1.792970803235683519e+01
2.001764039215755986e+01
5.004757822556543090e+01
8.033841386821539743e+01
5.358569061279600021e+01
4.805331824904792626e+01
5.339433453527169604e+01
5.902877488086353708e+01
4.392904019701217244e+00
3.986789875476688394e+01
2.981159519705498084e+01
1.886738909523151975e+01
5.782346171893746600e+01
1.552293453726935546e+01
3.690693417708268953e+01
4.359316829967509932e+01
3.820045809159744721e+01
1.553284842091409956e+01
3.119764372911457784e+01
3.524459663457339786e+01
1.590104528412948603e+01
5.786964970062582125e+01
3.130292709913219440e+01
1.735624971948319484e+01
2.043746746177716744e+01
8.634663080519030132e+01
4.242326720131857520e+00
1.762240804640814673e+01
3.664329474505577622e+01
1.930507842717697642e+01
2.497183856593385798e+01
1.921647787757205350e+01
4.564410940303748276e+01
6.250532802337637150e+01
6.494709755677010321e+01
1.903770245306335340e+01
2.019921281765571663e+01
4.805692158365224032e+01
8.919332983964460482e+01
3.357602951489185727e+01
4.089988653240338579e+01
4.477559588033207660e+01
4.023932112578268772e+01
6.433632502102135220e+01
3.222158262519005945e+01
2.044895073469817959e+01
2.679450787320200078e+01
3.382862967135445587e+01
4.217732237109082405e+01
4.847348274947862024e+01
5.617112355960360759e+01
4.640805305978722117e+01
3.053612794868465485e+01
5.604379609543692453e+01
7.539225440514506715e+01
1.993454704184224369e+01
3.654448879283917506e+01
2.928811892255344418e+01
3.026300874559685639e+01
2.161625342986060261e+01
1.666266370760674675e+01
1.415833562039980542e+01
5.072510893459640613e+01
4.902783675226407922e+01
4.155384347367936471e+01
5.522499523101574681e+01
3.882589471281370663e+01
5.928775424329835886e+01
2.655007638447762375e+01
7.941365453412933562e+01
4.657311089043815144e+01
4.849868559194866435e+01
3.486921978644781461e+01
4.416964140377447734e+01
3.510843912662006261e+01
1.452592513106439043e+01
4.134031597634673716e+01
4.873601419675316038e+01
4.667961068742346242e+01
3.809466131243677722e+01
2.682511713452353419e+01
7.083229482776381758e+01
3.881987815621580751e+01
1.568122535483894353e+01
5.491928293088011515e+01
2.971163152697551624e+01
3.734390699911806166e+01
5.518290695811273849e+01
1.472511123915016995e+01
3.359772669068408391e+01
2.884171456710292603e+01
4.292426268213834817e+01
2.556832441883308960e+01
6.505018452489647984e+01
3.436864905749037291e+01
1.281331864687960653e+01
4.939090381549792852e+01
2.229357428815959707e+01
1.424149535156956503e+01
4.159463527748826550e+01
3.879346405877789294e+01
1.328000593635805444e+02
2.160004438340273580e+01
6.361266225865020374e+01
5.086795873906128662e+01
1.887485667090977515e+01
7.714445124592249670e+01
3.700910563430619504e+01
3.521867489548357355e+01
3.804917399658903321e+01
5.448369323695777666e+01
3.562231806293222292e+01
4.147389581458230623e+01
2.786778337770436664e+01
2.570103422421102124e+01
4.818029459702701445e+01
2.644245914717706825e+01
1.150047174240202530e+01
4.649575166721847097e+01
3.879394095267266351e+01
6.067035815097018769e+01
5.394498193663788044e+01
1.038018106949203379e+01
3.642112691973665761e+01
1.270680974333060362e+02
2.328585015679166048e+01
5.210453488825250190e+01
4.179578614309681939e+01
5.441422564294982323e+01
1.992339482334265455e+01
3.198403792547955504e+01
2.802389422623856063e+01
3.856492606566990133e+01
2.381621770971494811e+01
1.955344216334275842e+01
1.676747734542659884e+01
5.574038833214235922e+01
6.606255923674640940e+01
6.369828971143842011e+01
8.442194750143384852e+01
2.336500529141654070e+01
2.206770081521327853e+01
4.851477061916861544e+01
4.973335747232788862e+01
1.988801294475947401e+01
2.682622165962293082e+01
2.700298911921204592e+01
7.061376235588494410e+01
6.789466006506381746e+01
4.849669428075193878e+01
5.953724821536952305e+01
2.504794188563466406e+01
3.794045355060170266e+01
1.776669786054101507e+01
2.004249096143502129e+01
2.015847892854712953e+01
3.729739804570720452e+01
9.040688499112793863e+01
2.730098384899687503e+01
3.694611562696028528e+01
5.908603393477393695e+01
4.533887486499351382e+01
6.237682053816680394e+01
5.063523786832622875e+01
5.032569705270375948e+01
2.410302732401352444e+01
4.961863947900925353e+01
3.445818929353305293e+01
3.458072058161680928e+01
5.633665770530058836e+01
4.888929075576662342e+01
4.919001309956735923e+01
2.357670299038746009e+01
5.527511431591975821e+01
5.554831503159670092e+01
2.495130751535245039e+01
3.285208796978447765e+01
2.841488604688875697e+01
2.289454309486703210e+01
6.260551110743593028e+01
3.943385166506638484e+01
3.390155104868115643e+01
9.216270188420463683e+01
3.236995923781901041e+01
2.230464283152781491e+01
5.135651943253125751e+01
9.619419701007598178e+01
5.095170702889147663e+01
1.611206960801510490e+01
2.397760680690027968e+01
2.316926516871484409e+01
2.998039925653832327e+01
5.335944028392152205e+01
3.472180905044256605e+01
3.803430567403709261e+01
6.871790451036538627e+01
6.379479054835979213e+01
2.780185633528120803e+01
3.256315837433623983e+01
9.863228526157348597e+01
2.857466423489633200e+01
4.500817190556762171e+01
2.216184985098843185e+01
1.032487990086166860e+02
4.066184359418973315e+01
9.314813398261192035e+00
4.374114379830814414e+01
1.020421398820101899e+01
5.357570565038533061e+01
1.666646369371879288e+01
1.607425492738609307e+01
4.675072161548040128e+01
2.234723474335457283e+01
5.002348302797776114e+01
4.131613410180575841e+01
3.365162751960093601e+01
4.895194153104156953e+01
6.016659113080163479e+01
3.146230644874766114e+01
6.556895098384114817e+01
6.746147009155600927e+01
2.576583488176893155e+01
3.861988896769135948e+01
3.991325521059036419e+01
3.257894504960836457e+01
2.663410477180863367e+01
3.140327713248849406e+01
1.531957736718914731e+01
2.743680250965951473e+01
5.684992466471943118e+01
2.828007240677671064e+01
2.487282663293943585e+01
1.602639351131420398e+01
2.148434806311359324e+01
8.092624328549885604e+01
3.360909163159164592e+01
4.361323982086157969e+01
4.805390110730520092e+01
1.110890152797285069e+01
2.594060659599263019e+01
6.638027863347944901e+01
5.610852149881955597e+01
3.711110668276993607e+01
3.830710989824704882e+01
3.479605315936380094e+01
3.958444504616360859e+01
5.355065769255610775e+01
8.296796843800419197e+01
4.389507405755420422e+01
4.564766599740485020e+01
6.061663708059884925e+01
2.116638939341896020e+01
2.542399578123887949e+01
5.245788532562814055e+01
3.013991678784544703e+01
6.373446828330684610e+01
8.425909727807416516e+01
3.320578240266713266e+01
2.896751508013127463e+01
5.546783114049596008e+01
2.315794111616806461e+01
1.411002886353320918e+01
1.859564048724321239e+01
9.252772004373094106e+00
2.143911834997583199e+01
2.999550728965036583e+01
2.504287081321650987e+01
3.518936264704188943e+01
2.820176895482737223e+01
6.166535324523197659e+01
4.101658498254960961e+01
5.855530749154215187e+01
1.749289334575322030e+01
5.563041636434306270e+01
2.305357545280850928e+01
3.779985206425641309e+01
1.050521380572492447e+01
2.974411138035964441e+01
1.996831837564649703e+01
1.952631411518863302e+01
1.468460641783036102e+01
3.888976105129339089e+01
4.287006192739854527e+01
2.363493527755185397e+01
2.399172283614482026e+01
5.378538778791951813e+01
8.290310685503467170e+00
3.970988538168458604e+01
5.608864595533131592e+01
2.439071385059526875e+01
2.690140556965500451e+01
2.195248913732794094e+01
3.438261361842609887e+01
1.723051315472691414e+01
5.102691516536172855e+01
2.728012288592893242e+01
6.392671323604804456e+01
1.581170555176600523e+01
4.730708230844301454e+01
4.136530605892134815e+01
8.316232031270530456e+01
4.552454012508393077e+01
4.618197231985178774e+01
5.331428022883461182e+01
3.222694336533768933e+01
1.713323483802567182e+01
2.807198169691227818e+01
3.161058105953980757e+01
4.781445434407760331e+01
3.678432854681965125e+01
3.412622592099253183e+01
2.972652135111280103e+01
7.840869730983834529e+01
2.110792730665267314e+01
4.426412506999563590e+01
3.576116944131876352e+01
2.860919335871886560e+01
2.263691458751705454e+01
2.211066445549602832e+01
4.216119268447099699e+01
3.169111532082008154e+01
5.557123468993246718e+01
3.452319192277965954e+01
1.501689676282576613e+01
4.393164567016201971e+01
3.728446295807830779e+01
6.548994235865251312e+01
2.948712216165377598e+01
7.445586819488737262e+01
1.830935080185779995e+01
3.191028257136257906e+01
4.154494380050216762e+01
2.638990374940354400e+01
2.370288275206412720e+01
4.792139090195963291e+01
2.703412305228723511e+01
2.859788916753615240e+01
3.184354966970036571e+01
3.059608445129888921e+01
1.158764355974369664e+01
5.178959838630269985e+01
5.674310351588630397e+01
2.288037796570603177e+01
6.307184349388344380e+00
1.999934980657490513e+01
6.737441321020045848e+01
2.716226573006678535e+01
3.585508537063068246e+01
4.094156330598153914e+01
3.262056640763296400e+01
3.851796471818502710e+01
5.318888401458671922e+01
6.735268206228032284e+01
2.596149680395785708e+01
3.896887747864136031e+01
7.045636230166253711e+01
3.503942519236084507e+01
2.960031394608991206e+01
3.243852518677006458e+01
4.242543948709081292e+01
3.287014643813949277e+01
2.295353334102907894e+01
5.142932668505397942e+01
4.876511668003261946e+01
2.619564352490052173e+01
1.075593250186497301e+02
4.112092436351549196e+01
2.927505292609062337e+01
3.193075693543573834e+01
1.928271550789207112e+01
7.286431985190465355e+01
6.667303765687350392e+01
3.970667556917258878e+01
6.103664436373676949e+01
1.245796525766542828e+01
2.242764131899330948e+01
6.457474338630682098e+00
2.819343804465523817e+01
2.992311031092076945e+01
5.669584193015306539e+01
2.802932788717792789e+01
7.340716198729987596e+00
1.982484049874940268e+01
2.867925008347990357e+01
7.446041895098893804e+01
4.961456050463379341e+01
6.188933180275362389e+01
3.133938133062073206e+01
3.261990932774796192e+01
1.566604366500463286e+01
2.750272000168044428e+01
3.833139733526286363e+01
8.861293317938743996e+01
4.153947705789099842e+01
7.943899872245279425e+01
3.111434012219075740e+01
2.245087912629816174e+01
1.939432007368100130e+01
2.279159851143539228e+01
4.450339398675804148e+01
2.477465060583167045e+01
4.265105247093558916e+01
3.889440098804108459e+01
9.419576534729215211e+01
4.340056917901753764e+01
7.568653335519175585e+01
6.006543014536745773e+01
5.064649567096675575e+00
6.150608402634199479e+01
9.489563919874206022e+01
3.784530972009536498e+01
6.302811836406026202e+01
1.054827978650311238e+01
3.860594333977308423e+01
3.124157764701642392e+01
3.487103395651599413e+01
2.905082664167927220e+01
5.538267884608909242e+01
1.862342694708519275e+01
4.583661163259422011e+01
4.116525847820807371e+01
4.824192837212182638e+01
4.533953289243575568e+01
3.041448356517912543e+01
6.162962208363235561e+01
6.919007422134949081e+01
2.894747975141658358e+01
6.808490240466379362e+01
2.218249556348083829e+01
2.961024170259036126e+01
4.631843987772720794e+01
7.184288034620493590e+01
4.604844867173602552e+01
4.459862858932748964e+01
4.050638845993006498e+01
4.147768623170307478e+01
3.397726851376749124e+01
4.526998811419203861e+01
1.937862203002308448e+01
5.543735502899126999e+01
2.919538740905852592e+01
3.102846801984463454e+01
3.777675914480717267e+01
3.899650943267601377e+01
3.038713762629728876e+01
1.981768182644021081e+01
3.790202376378422144e+01
4.428869992560132118e+01
5.011001771497378598e+01
4.575206961894588886e+01
1.850299495659117355e+01
2.582043483278144436e+01
5.284270221771179621e+01
2.940501626930177181e+01
4.676780622276186961e+01
2.309057678298091432e+01
5.126345017266370974e+01
8.961307385320708363e+01
4.875201334841001710e+01
4.419592559635506746e+01
5.394819315073853261e+01
5.348940449281342779e+01
3.507025690614187852e+01
5.800447931119386169e+01
6.954838176916881309e+01
2.386295768078569068e+01
5.807615377937025158e+01
2.679300060128470307e+01
4.354464962008192686e+01
7.754952093985136230e+01
2.051510414054064313e+01
2.690062433439317857e+01
6.989322430765736271e+01
7.424419571016326813e+01
5.684494676972282434e+01
4.553005773784916244e+01
2.277482180636944520e+01
6.288158826432864856e+01
4.389879041383781555e+01
8.001443583669924919e+01
3.117164882664379277e+01
2.036606691505830113e+01
3.923731267945881029e+01
3.422507283274738654e+01
4.364758040380451121e+01
3.454517824343595578e+01
2.136113975048374769e+01
3.685088829322523196e+01
2.180588491977222532e+01
3.818797507605537334e+01
5.938037320447254075e+01
8.177030344158060871e+01
2.026978967267854159e+01
2.746116285093545173e+01
4.289063348211998772e+01
4.890115280417415278e+01
3.944720992185747122e+01
7.065374564101713872e+01
9.127103490131700525e+00
6.383600245931366146e+01
5.120064059567814496e+01
5.672980618189597379e+01
3.490739157408263083e+01
4.102194136968784477e+01
7.591101422569445845e+01
5.404087999596278991e+01
3.149549744875364965e+01
2.278773862621129709e+01
3.357867470120251596e+01
3.508039005544783606e+01
8.910992724169780388e+01
2.844542604379422102e+01
2.132922392666151978e+01
3.630043884628206996e+01
2.179407321221437144e+01
5.927254221764468411e+01
2.359968370209517730e+01
7.043608255415799135e+01
2.821271068332100995e+01
4.316979452651488458e+01
3.927348043059673444e+01
1.242207835361033297e+01
5.367490968068737089e+01
6.873048506827473147e+01
1.088883985878550931e+01
4.573431131187030019e+01
3.101813895321151193e+01
4.974113079731965570e+01
2.244107852609578302e+01
5.680045131715542084e+01
6.965587912842513774e+00
2.850260321974179334e+01
3.783963957624990115e+01
4.173706764198164620e+01
3.262353705936126858e+01
